read_start,read_end,cpu_start,cpu_end,write_start,write_end
1608321071.683000, 1608321154.709000, 1608321154.709000, 1608321160.034000, 1608321160.034000, 1608321161.296000
1608321161.310000, 1608321162.373000, 1608321162.373000, 1608321167.538000, 1608321167.538000, 1608321170.603000
1608321170.617000, 1608321171.570000, 1608321171.570000, 1608321176.566000, 1608321176.566000, 1608321278.225000
