read_start,read_end,cpu_start,cpu_end,write_start,write_end
1606691945.401000, 1606692070.235000, 1606692070.235000, 1606692075.423000, 1606692075.423000, 1606692175.418000
1606692175.431000, 1606692176.522000, 1606692176.522000, 1606692181.484000, 1606692181.484000, 1606692256.701000
1606692256.716000, 1606692258.198000, 1606692258.198000, 1606692264.759000, 1606692264.759000, 1606692424.822000
