read_start,read_end,cpu_start,cpu_end,write_start,write_end
1606562383.544000, 1606562478.272000, 1606562478.272000, 1606562483.570000, 1606562483.570000, 1606562653.040000
1606562653.082000, 1606562676.976000, 1606562676.976000, 1606562682.369000, 1606562682.369000, 1606562854.222000
1606562854.592000, 1606562874.463000, 1606562874.463000, 1606562879.517000, 1606562879.517000, 1606563023.233000
