read_start,read_end,cpu_start,cpu_end,write_start,write_end
1606753990.292000, 1606754095.558000, 1606754095.558000, 1606754100.835000, 1606754100.835000, 1606754214.966000
1606754214.979000, 1606754216.075000, 1606754216.075000, 1606754220.973000, 1606754220.973000, 1606754331.987000
1606754332.001000, 1606754332.959000, 1606754332.959000, 1606754337.810000, 1606754337.810000, 1606754449.423000
