read_start,read_end,cpu_start,cpu_end,write_start,write_end
1606761358.636000, 1606761525.661000, 1606761525.661000, 1606761530.532000, 1606761530.532000, 1606761559.736000
1606761559.750000, 1606761560.756000, 1606761560.756000, 1606761565.370000, 1606761565.370000, 1606761745.197000
1606761745.241000, 1606761747.193000, 1606761747.193000, 1606761753.527000, 1606761753.527000, 1606761942.581000
